START 0 450
M2 414 569
M3 457 234
M4 456 754
M5 149 431
M6 340 124
M7 123 754
M8 575 456
M9 322 342
M10 432 523
M11 753 436
M12 368 386
M13 89 195
M14 157 332
M15 680 129
M16 450 637
M17 46 529
M18 677 622
M19 648 116
M20 227 600
M21 401 206
M22 621 335
M23 254 209
DEST 800 450
---
0 42 39 26 95 23 11 6 76 96 63 56 54 79 49 66 56 73 57 31 81 54 76 67
42 0 23 15 55 63 76 47 87 38 62 78 75 98 72 60 25 48 50 81 4 22 18 57
39 23 0 5 10 33 77 3 19 41 85 47 49 4 33 52 2 30 1 22 16 50 52 75
26 15 5 0 32 45 6 44 14 61 55 44 63 69 65 28 30 95 9 49 80 23 85 80
95 55 10 32 0 78 25 60 76 77 24 93 69 80 13 85 5 90 92 65 37 41 69 21
23 63 33 45 78 0 72 38 4 19 95 94 74 23 86 56 9 88 60 10 72 49 86 33
11 76 77 6 25 72 0 19 51 11 98 48 24 33 10 14 54 86 15 20 51 68 30 21
6 47 3 44 60 38 19 0 72 27 12 36 70 74 53 69 43 52 96 35 39 64 55 6
76 87 19 14 76 4 51 72 0 74 44 33 81 83 52 91 54 66 63 26 10 51 22 78
96 38 41 61 77 19 11 27 74 0 32 76 21 67 37 65 85 18 88 6 3 48 93 83
63 62 85 55 24 95 98 12 44 32 0 23 4 17 47 51 11 28 2 53 11 9 57 27
56 78 47 44 93 94 48 36 33 76 23 0 82 20 92 43 53 31 8 4 11 79 10 51
54 75 49 63 69 74 24 70 81 21 4 82 0 59 31 28 66 25 60 69 39 43 95 29
79 98 4 69 80 23 33 74 83 67 17 20 59 0 42 81 23 92 89 42 81 40 60 10
49 72 33 65 13 86 10 53 52 37 47 92 31 42 0 18 14 24 69 30 13 96 35 25
66 60 52 28 85 56 14 69 91 65 51 43 28 81 18 0 15 8 92 16 38 94 79 78
56 25 2 30 5 9 54 43 54 85 11 53 66 23 14 15 0 75 26 85 33 26 28 81
73 48 30 95 90 88 86 52 66 18 28 31 25 92 24 8 75 0 98 26 3 43 69 13
57 50 1 9 92 60 15 96 63 88 2 8 60 89 69 92 26 98 0 56 26 4 63 50
31 81 22 49 65 10 20 35 26 6 53 4 69 42 30 16 85 26 56 0 54 55 7 88
81 4 16 80 37 72 51 39 10 3 11 11 39 81 13 38 33 3 26 54 0 23 90 99
54 22 50 23 41 49 68 64 51 48 9 79 43 40 96 94 26 43 4 55 23 0 29 1
76 18 52 85 69 86 30 55 22 93 57 10 95 60 35 79 28 69 63 7 90 29 0 97
67 57 75 80 21 33 21 6 78 83 27 51 29 10 25 78 81 13 50 88 99 1 97 0

